100 100
57 61 17
54 61 8
54 88 9
25 88 32
25 32 93
30 32 54
30 49 64
2 49 57
2 23 3
1 23 100
1 75 26
18 75 48
18 34 75
34 81 7
81 86 59
48 86 65
48 58 28
3 58 50
3 29 51
29 55 65
17 55 85
17 74 86
74 99 47
83 99 91
72 83 58
66 72 20
36 66 37
28 36 23
28 42 46
42 67 74
22 67 100
22 38 67
7 38 74
7 62 77
15 62 38
15 97 66
64 97 74
64 85 70
68 85 67
68 98 52
41 98 43
27 41 13
27 89 43
89 100 61
70 100 49
70 87 14
13 87 30
13 19 91
5 19 11
4 5 94
4 78 55
60 78 93
60 94 72
63 94 57
63 82 1
50 82 75
50 56 62
56 77 11
9 77 26
9 21 65
21 37 2
37 80 36
43 80 26
43 73 23
6 73 8
6 53 59
53 93 18
12 93 1
12 76 25
11 76 96
11 59 25
44 59 59
44 90 74
10 90 52
10 16 73
16 24 34
24 65 39
40 65 92
39 40 2
33 39 26
8 33 83
8 31 57
14 31 48
14 91 6
35 91 2
35 46 21
46 95 72
69 95 34
69 84 97
20 84 47
20 92 33
45 92 11
45 96 92
26 96 10
26 79 45
52 79 78
47 52 83
47 71 48
51 71 48
59 88 99
0
48
J 55
J 93
J 27
J 65
J 59
J 70
J 20
J 61
J 71
J 83
J 10
J 1
J 32
J 31
J 33
J 92
J 77
J 93
J 71
J 75
J 61
J 84
J 10
J 39
J 70
J 84
J 54
J 53
J 95
J 38
J 18
J 77
J 54
J 87
J 34
J 91
J 7
J 91
J 23
J 61
J 73
J 38
J 84
J 68
J 41
J 55
J 65
J 6
